voltage,time
0.013,0.009479522705078125
0.039,0.1145172119140625
0.077,0.21939396858215332
0.09,0.3243398666381836
0.129,0.4292259216308594
0.18,0.5340967178344727
0.193,0.6391184329986572
0.219,0.7441189289093018
0.258,0.8491160869598389
0.309,0.9541151523590088
0.322,1.0591456890106201
0.387,1.1641948223114014
0.387,1.2692334651947021
0.4,1.374314546585083
0.4,1.4794034957885742
0.503,1.5844504833221436
0.503,1.6895606517791748
0.554,1.7946159839630127
0.58,1.899655818939209
0.58,2.0047502517700195
0.619,2.1099469661712646
0.657,2.2149970531463623
0.696,2.3200840950012207
0.722,2.4251487255096436
0.735,2.5302441120147705
0.773,2.635374069213867
0.786,2.740450143814087
0.812,2.845540761947632
0.812,2.9505813121795654
0.812,3.0556256771087646
0.812,3.160734176635742
0.915,3.265770673751831
0.928,3.370805263519287
0.941,3.4758388996124268
0.993,3.580932378768921
0.993,3.685978651046753
1.018,3.791020393371582
1.018,3.8962676525115967
1.083,4.001409530639648
1.109,4.1064605712890625
1.134,4.21156644821167
1.134,4.316715955734253
1.173,4.421799182891846
1.237,4.5269551277160645
1.237,4.632019281387329
1.237,4.737078905105591
1.237,4.842189788818359
1.276,4.947323560714722
1.276,5.0524866580963135
1.315,5.157714366912842
1.328,5.262726783752441
1.354,5.367605447769165
1.379,5.472473621368408
1.405,5.577357769012451
1.444,5.682232141494751
1.65,5.787107467651367
1.444,5.892261981964111
1.65,5.997349262237549
1.65,6.102437734603882
1.65,6.207494735717773
1.65,6.312558650970459
1.65,6.417669296264648
1.65,6.522735595703125
1.65,6.627832651138306
1.65,6.732927322387695
1.65,6.838016748428345
1.65,6.943163156509399
1.65,7.048224687576294
1.663,7.153261661529541
1.689,7.258302211761475
1.689,7.363371849060059
1.689,7.468464612960815
1.727,7.573562383651733
1.74,7.678639888763428
1.74,7.783679485321045
1.766,7.888878583908081
1.779,7.994033098220825
1.805,8.099210262298584
1.818,8.204252481460571
1.818,8.309342861175537
1.843,8.414453744888306
1.843,8.519538402557373
1.882,8.624627351760864
1.869,8.729796886444092
1.895,8.834846019744873
1.895,8.939920902252197
1.959,9.044812202453613
1.946,9.149684429168701
1.959,9.25458550453186
1.972,9.359475374221802
1.985,9.464351415634155
1.998,9.56927227973938
2.024,9.674158334732056
2.024,9.779344081878662
2.037,9.884446382522583
2.05,9.98956298828125
2.05,10.09470510482788
2.05,10.199797630310059
2.05,10.304910898208618
2.05,10.410013914108276
2.101,10.515126466751099
2.101,10.62021803855896
2.101,10.725313425064087
2.14,10.830439567565918
2.14,10.93544888496399
2.153,11.040504693984985
2.179,11.145605325698853
2.179,11.250674962997437
2.179,11.355716228485107
2.217,11.46087121963501
2.23,11.565933465957642
2.243,11.671020030975342
2.269,11.776081323623657
2.269,11.881206750869751
2.269,11.986301898956299
2.269,12.09139609336853
2.269,12.196511507034302
2.295,12.301555633544922
2.282,12.40666651725769
2.307,12.511770009994507
2.32,12.616823673248291
2.333,12.721901893615723
2.475,12.826942682266235
2.475,12.93197774887085
2.475,13.037082195281982
2.475,13.142165422439575
2.475,13.24720811843872
2.475,13.352255582809448
2.475,13.457424879074097
2.475,13.562482357025146
2.475,13.667529106140137
2.475,13.772627830505371
2.475,13.877774238586426
2.475,13.982675552368164
2.475,14.087563276290894
2.475,14.192427158355713
2.475,14.297309875488281
2.475,14.402194023132324
2.475,14.507066249847412
2.475,14.611968994140625
2.475,14.71712350845337
2.488,14.822219848632812
2.501,14.927268266677856
2.514,15.032374143600464
2.514,15.137420654296875
2.514,15.24250054359436
2.552,15.347699403762817
2.539,15.452815532684326
2.539,15.55789566040039
2.552,15.66297197341919
2.565,15.768061637878418
2.565,15.873131275177002
2.565,15.978285074234009
2.591,16.083351612091064
2.565,16.18842053413391
2.591,16.293511152267456
2.617,16.398553371429443
2.591,16.503634691238403
2.63,16.60870885848999
2.63,16.71378779411316
2.63,16.8187575340271
2.643,16.923845052719116
2.655,17.029008388519287
2.643,17.13409948348999
2.643,17.23914122581482
2.668,17.344242572784424
2.668,17.449331760406494
2.668,17.554418325424194
2.681,17.659534692764282
2.668,17.76447319984436
2.681,17.869391441345215
2.694,17.97427225112915
2.694,18.079161882400513
2.72,18.18405294418335
2.72,18.288946628570557
2.707,18.393822193145752
2.707,18.499022483825684
2.746,18.60404133796692
2.72,18.70912456512451
2.72,18.814215421676636
2.72,18.91929817199707
2.746,19.024211406707764
2.784,19.129097938537598
2.771,19.23397421836853
2.784,19.33887791633606
2.759,19.4437575340271
2.771,19.548640966415405
2.784,19.653509855270386
2.771,19.758675575256348
2.784,19.86378574371338
2.797,19.968816995620728
2.797,20.07400941848755
2.887,20.179085731506348
2.887,20.284162282943726
2.823,20.389277458190918
2.887,20.49437141418457
2.887,20.599432468414307
2.887,20.70447301864624
2.887,20.80956196784973
2.887,20.914714574813843
2.887,21.0197536945343
2.887,21.124847173690796
2.887,21.22991943359375
2.887,21.335030555725098
2.887,21.44009256362915
2.887,21.54522156715393
2.887,21.650315284729004
2.887,21.75540852546692
2.887,21.86049246788025
2.887,21.965599536895752
2.887,22.070667505264282
2.887,22.17571449279785
2.887,22.28081727027893
2.887,22.38591980934143
2.887,22.491015195846558
2.887,22.59611415863037
2.887,22.701210021972656
2.887,22.806333541870117
2.9,22.911412477493286
2.9,23.016456127166748
2.9,23.121672868728638
2.9,23.226727962493896
2.9,23.33186149597168
2.9,23.43693780899048
2.926,23.54202175140381
2.926,23.647127866744995
2.913,23.752172470092773
2.926,23.857347011566162
2.913,23.962536334991455
2.939,24.067586421966553
2.939,24.172677278518677
2.926,24.277750253677368
2.939,24.382793426513672
2.939,24.487898588180542
2.965,24.59301733970642
2.952,24.698136568069458
2.952,24.803224563598633
2.939,24.908316612243652
2.965,25.01359724998474
2.965,25.118704795837402
2.978,25.223795175552368
2.978,25.32881450653076
2.965,25.43394160270691
2.965,25.538989543914795
2.978,25.644037008285522
2.978,25.74921941757202
2.978,25.854313373565674
2.978,25.95941662788391
2.991,26.06443476676941
2.978,26.169483184814453
2.978,26.2745201587677
2.978,26.379555702209473
2.978,26.484657764434814
2.991,26.589718103408813
2.978,26.69476318359375
2.978,26.79979968070984
2.991,26.9048969745636
3.016,27.01007890701294
3.016,27.11514949798584
3.004,27.220226287841797
3.004,27.325430154800415
3.004,27.430538177490234
3.004,27.535656929016113
3.029,27.6407630443573
3.029,27.74598240852356
3.004,27.851025342941284
3.029,27.956119537353516
3.042,28.061166286468506
3.042,28.1662015914917
3.029,28.27128028869629
3.029,28.376405239105225
3.029,28.481459140777588
3.042,28.58649230003357
3.042,28.691519260406494
3.042,28.796584606170654
3.094,28.90169906616211
3.055,29.0065975189209
3.094,29.111469507217407
3.094,29.216341018676758
3.094,29.321211099624634
3.094,29.42608118057251
3.094,29.53096842765808
3.094,29.635867595672607
3.094,29.74100136756897
3.094,29.84610605239868
3.094,29.95115303993225
3.094,30.05624032020569
3.094,30.16129755973816
3.094,30.266351222991943
3.094,30.371415615081787
3.094,30.476533889770508
3.094,30.581578731536865
3.094,30.686657190322876
3.094,30.791747331619263
3.094,30.896934509277344
3.094,31.001977920532227
3.094,31.10707712173462
3.094,31.21213173866272
3.094,31.317221641540527
3.094,31.422258615493774
3.094,31.52739644050598
3.094,31.632441520690918
3.094,31.737500429153442
3.094,31.842599630355835
3.094,31.94771909713745
3.094,32.052759647369385
3.094,32.15781903266907
3.094,32.262890577316284
3.094,32.36798095703125
3.094,32.47306942939758
3.107,32.57822060585022
3.094,32.68326926231384
3.094,32.788363456726074
3.107,32.89346194267273
3.107,32.99858069419861
3.094,33.1036639213562
3.094,33.2087767124176
3.094,33.31391191482544
3.107,33.41894555091858
3.12,33.52401828765869
3.107,33.62904930114746
3.107,33.734363079071045
3.107,33.83940505981445
3.12,33.944644927978516
3.12,34.0495400428772
3.107,34.15442633628845
3.132,34.25929880142212
3.132,34.36417269706726
3.107,34.469099283218384
3.12,34.573984146118164
3.107,34.678866147994995
3.107,34.78399205207825
3.132,34.88908672332764
3.132,34.99426031112671
3.132,35.09927535057068
3.107,35.20439147949219
3.12,35.30945062637329
3.107,35.414546251297
3.132,35.51963782310486
3.107,35.62472724914551
3.132,35.7298686504364
3.132,35.83496427536011
3.132,35.940056562423706
3.132,36.04519486427307
3.132,36.15028929710388
3.132,36.2553346157074
3.107,36.36044478416443
3.132,36.46554112434387
3.132,36.570624113082886
3.145,36.67571949958801
3.132,36.780757188797
3.132,36.88582682609558
3.145,36.990910053253174
3.145,37.09606885910034
3.145,37.20117545127869
3.132,37.306283712387085
3.145,37.41145157814026
3.145,37.51654410362244
3.132,37.62162923812866
3.145,37.72669744491577
3.145,37.83173727989197
3.145,37.936777114868164
3.145,38.04184913635254
3.158,38.14694547653198
3.132,38.252037048339844
3.132,38.35712790489197
3.132,38.462215423583984
3.145,38.56725740432739
3.132,38.67241406440735
3.132,38.777533531188965
3.145,38.8827588558197
3.158,38.98786425590515
3.158,39.09286618232727
3.132,39.197967767715454
3.145,39.30309224128723
3.132,39.4081826210022
3.171,39.513633251190186
3.158,39.61901235580444
3.158,39.72448778152466
3.145,39.829383850097656
3.171,39.93426275253296
3.158,40.03913402557373
3.158,40.144020557403564
3.171,40.24902653694153
3.171,40.35436987876892
3.158,40.459776878356934
3.158,40.56466603279114
3.197,40.669548988342285
3.171,40.774433851242065
3.158,40.879314661026
3.171,40.98419237136841
3.171,41.08908033370972
3.171,41.194207429885864
3.158,41.299253940582275
3.184,41.404356956481934
3.171,41.50947904586792
3.171,41.6145224571228
3.197,41.7196090221405
3.171,41.82471418380737
3.184,41.92980623245239
3.158,42.034849643707275
3.158,42.1400408744812
3.171,42.24523973464966
3.171,42.350125789642334
3.184,42.45499897003174
3.197,42.559879779815674
3.171,42.664766788482666
3.184,42.76963806152344
3.171,42.87473773956299
3.197,42.97977352142334
3.171,43.08486032485962
3.197,43.18997287750244
3.184,43.29504203796387
3.197,43.40008091926575
3.197,43.505215883255005
3.184,43.6103081703186
3.197,43.71540021896362
3.171,43.8204402923584
3.197,43.925535678863525
3.197,44.030478715896606
3.197,44.135356426239014
3.197,44.24022555351257
3.197,44.34511756896973
3.197,44.44998478889465
3.197,44.55486035346985
3.197,44.65979743003845
3.197,44.76500988006592
3.197,44.87011384963989
3.197,44.97522807121277
3.197,45.08023381233215
3.184,45.18533134460449
3.197,45.29037284851074
3.197,45.39554238319397
3.197,45.500584840774536
3.197,45.605674266815186
3.197,45.71073603630066
3.197,45.81581377983093
3.197,45.92097592353821
3.197,46.026031494140625
3.197,46.13106822967529
3.197,46.23617339134216
3.197,46.34121561050415
3.197,46.446258544921875
3.184,46.55134892463684
3.197,46.65646529197693
3.197,46.761563539505005
3.197,46.86662411689758
3.197,46.971710443496704
3.197,47.07684540748596
3.197,47.181901693344116
3.197,47.28700923919678
3.197,47.392169713974
3.197,47.497297525405884
3.197,47.60239386558533
3.197,47.707510232925415
3.197,47.81255483627319
3.197,47.9176709651947
3.197,48.022762060165405
3.197,48.12786316871643
3.197,48.232951641082764
3.197,48.33805322647095
3.197,48.44314765930176
3.197,48.54825305938721
3.197,48.65334367752075
3.197,48.75842595100403
3.197,48.86358833312988
3.197,48.96943402290344
3.197,49.0743305683136
3.197,49.17922258377075
3.197,49.28411555290222
3.197,49.388999700546265
3.197,49.4939022064209
3.197,49.598827600479126
3.197,49.70403575897217
3.197,49.809091567993164
3.197,49.91418981552124
3.197,50.01934814453125
3.197,50.12447762489319
3.197,50.22955250740051
3.197,50.334638833999634
3.197,50.439698457717896
3.21,50.54480457305908
3.197,50.64985179901123
3.158,50.75489377975464
3.132,50.85994219779968
3.094,50.96498227119446
3.094,51.070019006729126
3.042,51.17514610290527
2.991,51.28025579452515
2.965,51.385353088378906
2.926,51.49039602279663
2.9,51.59560179710388
2.887,51.700703620910645
2.887,51.80589413642883
2.887,51.91099715232849
2.784,52.01605725288391
2.759,52.12109351158142
2.72,52.226158142089844
2.707,52.33120274543762
2.668,52.43628907203674
2.643,52.54141163825989
2.63,52.646451473236084
2.565,52.75153470039368
2.565,52.856658697128296
2.539,52.961751222610474
2.501,53.06679368019104
2.488,53.17183208465576
2.475,53.276893854141235
2.475,53.381983280181885
2.475,53.48702692985535
2.475,53.59212255477905
2.475,53.69717240333557
2.475,53.802279472351074
2.307,53.90750551223755
2.282,54.01252317428589
2.269,54.11752724647522
2.269,54.22260785102844
2.23,54.327730655670166
2.204,54.4327757358551
2.166,54.53784489631653
2.153,54.64291262626648
2.127,54.74799823760986
2.101,54.8530375957489
2.088,54.95807075500488
2.05,55.06312084197998
2.05,55.16815805435181
2.011,55.2732470035553
2.011,55.37831974029541
1.972,55.48336434364319
1.959,55.58845090866089
1.934,55.69355797767639
1.934,55.798606157302856
1.895,55.90369653701782
1.869,56.00882816314697
1.843,56.1139349937439
1.843,56.219123125076294
1.83,56.32416605949402
1.818,56.42927026748657
1.792,56.534321308135986
1.766,56.639408111572266
1.74,56.744556188583374
1.727,56.84964418411255
1.702,56.95474290847778
1.702,57.05989384651184
1.689,57.164974212646484
1.663,57.27006220817566
1.663,57.375126361846924
1.65,57.48018550872803
1.65,57.585288524627686
1.65,57.690327882766724
1.65,57.795384645462036
1.65,57.90042304992676
1.65,58.005523920059204
1.65,58.11063742637634
1.65,58.215702533721924
1.65,58.32078766822815
1.65,58.425862312316895
1.65,58.53095984458923
1.65,58.63600540161133
1.65,58.74104404449463
1.444,58.84614062309265
1.444,58.95130705833435
1.418,59.056209325790405
1.392,59.16110014915466
1.379,59.265992641448975
1.354,59.3709282875061
1.354,59.47580409049988
1.328,59.580689668655396
1.315,59.68577480316162
1.315,59.790828227996826
1.276,59.89592671394348
1.276,60.00102257728577
1.276,60.10606789588928
1.263,60.21111059188843
1.25,60.31623029708862
1.237,60.42131686210632
1.237,60.52641940116882
1.237,60.63149547576904
1.237,60.736550092697144
1.237,60.841628074645996
1.16,60.946675062179565
1.16,61.05170726776123
1.134,61.156808614730835
1.134,61.26190233230591
1.134,61.366994857788086
1.109,61.47208261489868
1.109,61.577173948287964
1.083,61.682262897491455
1.07,61.78735971450806
1.057,61.8924286365509
1.057,61.99753713607788
1.018,62.102630376815796
1.018,62.207683086395264
1.018,62.31274700164795
1.018,62.41779065132141
1.005,62.52283215522766
1.005,62.627888917922974
0.993,62.73292899131775
0.98,62.83797240257263
0.98,62.94311308860779
0.954,63.048158407211304
0.928,63.15327048301697
0.915,63.25830841064453
0.915,63.36337375640869
0.915,63.46840691566467
0.915,63.57353663444519
0.902,63.67863082885742
0.812,63.783724784851074
0.812,63.888965129852295
0.812,63.99410939216614
0.812,64.09900259971619
0.812,64.20390677452087
0.812,64.30879831314087
0.812,64.4136700630188
0.812,64.51862716674805
0.812,64.62349796295166
0.812,64.72866725921631
0.812,64.83372259140015
0.799,64.938796043396
0.799,65.04388737678528
0.773,65.14894223213196
0.773,65.2540991306305
0.786,65.35921955108643
0.773,65.46426630020142
0.735,65.56935524940491
0.735,65.67439675331116
0.735,65.77943062782288
0.722,65.88452053070068
0.722,65.9895989894867
0.722,66.09463548660278
0.722,66.19968056678772
0.722,66.30480170249939
0.709,66.40984654426575
0.696,66.5149621963501
0.67,66.62004899978638
0.67,66.72513961791992
0.645,66.83036208152771
0.657,66.93543195724487
0.657,67.0405204296112
0.632,67.14558458328247
0.645,67.25067067146301
0.645,67.3558120727539
0.632,67.460768699646
0.619,67.56565523147583
0.619,67.67053604125977
0.619,67.77542304992676
0.593,67.88034343719482
0.593,67.9852204322815
0.619,68.0902943611145
0.58,68.19534063339233
0.593,68.30040645599365
0.58,68.40550971031189
0.554,68.51055407524109
0.567,68.61561107635498
0.567,68.72072243690491
0.541,68.82579970359802
0.541,68.93093276023865
0.529,69.0358395576477
0.541,69.14071393013
0.541,69.24560379981995
0.529,69.3504867553711
0.529,69.45536637306213
0.516,69.5602560043335
0.503,69.665363073349
0.503,69.77041625976562
0.503,69.875479221344
0.503,69.9805428981781
0.49,70.08558583259583
0.477,70.19067645072937
0.49,70.29573464393616
0.477,70.40083003044128
0.451,70.50592803955078
0.4,70.61099553108215
0.4,70.71603965759277
0.4,70.82123041152954
0.4,70.9263026714325
0.4,71.03134822845459
0.4,71.13646364212036
0.4,71.24150037765503
0.4,71.34662222862244
0.4,71.45177483558655
0.4,71.55684280395508
0.4,71.66195750236511
0.4,71.76707482337952
0.4,71.87215733528137
0.4,71.97732543945312
0.4,72.0823621749878
0.4,72.18745493888855
0.387,72.2925078868866
0.387,72.39755773544312
0.387,72.50259709358215
0.387,72.60767984390259
0.387,72.71273922920227
0.374,72.81780433654785
0.387,72.92296290397644
0.361,73.02809858322144
0.361,73.1331958770752
0.361,73.23825454711914
0.361,73.34336471557617
0.361,73.44841289520264
0.361,73.55352568626404
0.348,73.65856981277466
0.348,73.76366305351257
0.322,73.8689558506012
0.335,73.97413992881775
0.348,74.0790445804596
0.348,74.18394660949707
0.322,74.28883290290833
0.335,74.39370536804199
0.322,74.49860334396362
0.322,74.60348439216614
0.309,74.70856094360352
0.309,74.81361222267151
0.309,74.91870427131653
0.309,75.02390027046204
0.309,75.12897109985352
0.296,75.23404383659363
0.309,75.33908295631409
0.296,75.44413638114929
0.309,75.54922533035278
0.296,75.65428256988525
0.284,75.75938510894775
0.284,75.86445116996765
0.284,75.96949005126953
0.284,76.07459902763367
0.284,76.1796464920044
0.258,76.2847580909729
0.271,76.3898537158966
0.245,76.4949061870575
0.271,76.60007190704346
0.258,76.70521235466003
0.245,76.81030821800232
0.245,76.91540288925171
0.258,77.02045035362244
0.245,77.1257073879242
0.245,77.23076224327087
0.245,77.33587670326233
0.245,77.44096207618713
0.245,77.54600501060486
0.193,77.65111899375916
0.219,77.75617337226868
0.193,77.86126255989075
0.232,77.96634721755981
0.193,78.07138109207153
0.193,78.17647385597229
0.193,78.28151559829712
0.193,78.38661766052246
0.193,78.49171423912048
0.193,78.59680724143982
0.193,78.70189785957336
0.193,78.80705237388611
0.193,78.91252589225769
0.193,79.01756477355957
0.193,79.12256479263306
0.193,79.22781372070312
0.193,79.33289813995361
0.193,79.43800210952759
0.193,79.54312872886658
0.193,79.64822459220886
0.193,79.75331830978394
0.193,79.85836839675903
0.193,79.9634370803833
0.18,80.06845021247864
0.193,80.17353463172913
0.18,80.27866649627686
0.193,80.38371157646179
0.18,80.48882341384888
0.18,80.59396648406982
0.193,80.69908285140991
0.168,80.80417656898499
0.18,80.90929007530212
0.18,81.01433753967285
0.168,81.11938142776489
0.18,81.22446417808533
0.155,81.32961106300354
0.155,81.43475985527039
0.168,81.53987503051758
0.155,81.64506387710571
0.168,81.75015473365784
0.18,81.85524725914001
0.155,81.9603807926178
0.155,82.06548857688904
0.155,82.17052817344666
0.155,82.27561020851135
0.155,82.38070178031921
0.155,82.4857931137085
0.155,82.59084987640381
0.155,82.69594931602478
0.142,82.8010413646698
0.142,82.9061336517334
0.155,83.01122713088989
0.155,83.11632251739502
0.142,83.22136211395264
0.142,83.32640075683594
0.142,83.43144106864929
0.129,83.5364944934845
0.129,83.6416404247284
0.142,83.74674558639526
0.142,83.85199475288391
0.129,83.95721817016602
0.142,84.06217765808105
0.116,84.16705107688904
0.116,84.27192807197571
0.129,84.37685775756836
0.129,84.48173379898071
0.116,84.5866162776947
0.116,84.69175052642822
0.129,84.79681897163391
0.09,84.90190243721008
0.103,85.00699520111084
0.116,85.11204218864441
0.129,85.21724390983582
0.129,85.32228398323059
0.09,85.4273750782013
0.09,85.53244304656982
0.103,85.63760495185852
0.09,85.74264574050903
0.09,85.84771537780762
0.103,85.95282340049744
0.09,86.05793261528015
0.09,86.16303062438965
0.09,86.26809906959534
0.09,86.37313342094421
0.09,86.47823143005371
0.09,86.58332562446594
0.09,86.68841862678528
0.09,86.79358530044556
0.09,86.8987307548523
0.09,87.0039803981781
0.09,87.1090338230133
0.09,87.21415090560913
0.09,87.31928944587708
0.09,87.42434930801392
0.09,87.52945685386658
0.09,87.63456773757935
0.09,87.73968625068665
0.09,87.84484338760376
0.09,87.94988465309143
0.09,88.0549795627594
0.09,88.1600694656372
0.09,88.26518774032593
0.09,88.37030053138733
0.09,88.47542262077332
0.09,88.58053684234619
0.09,88.6856336593628
0.09,88.7907223701477
0.09,88.89608383178711
0.077,89.00126099586487
0.077,89.10631322860718
0.09,89.21146965026855
0.077,89.3165295124054
0.077,89.42164468765259
0.077,89.52670478820801
0.077,89.63184547424316
0.077,89.73700904846191
0.09,89.84210133552551
0.077,89.94714856147766
0.077,90.05219340324402
0.077,90.15728688240051
0.077,90.26233553886414
0.077,90.36743092536926
0.077,90.47254920005798
0.077,90.5776641368866
0.077,90.6827085018158
0.077,90.78779911994934
0.064,90.89293098449707
